ARMA_CUB_TXT_FN008
16 16 16
   2.4074816037313667e+02   9.2092310162217530e+01   2.0024183290703839e+01   5.6086878707906891e+00   2.0376777381218916e+00   8.9279178951958227e-01   4.4703298911155442e-01   2.4691053887103004e-01   1.4693184232022119e-01   2.4691053887103004e-01   4.4703298911155442e-01   8.9279178951958227e-01   2.0376777381218916e+00   5.6086878707906891e+00   2.0024183290703839e+01   9.2092310162217530e+01
   9.2092310162217530e+01   4.8251750654562194e+01   1.4432383127953285e+01   4.6849619152360766e+00   1.8246978936451599e+00   8.2931646323134445e-01   4.2418303761321041e-01   2.3743694027675472e-01   1.4255397959536081e-01   2.3743694027675472e-01   4.2418303761321041e-01   8.2931646323134445e-01   1.8246978936451599e+00   4.6849619152360766e+00   1.4432383127953285e+01   4.8251750654562194e+01
   2.0024183290703839e+01   1.4432383127953285e+01   6.8351882349231197e+00   2.9596546890122442e+00   1.3534627780247412e+00   6.7477777781484138e-01   3.6523764282698812e-01   2.1207132435969026e-01   1.3053326601513926e-01   2.1207132435969026e-01   3.6523764282698812e-01   6.7477777781484138e-01   1.3534627780247412e+00   2.9596546890122442e+00   6.8351882349231197e+00   1.4432383127953285e+01
   5.6086878707906891e+00   4.6849619152360766e+00   2.9596546890122442e+00   1.6434444370779779e+00   8.9279178951958227e-01   4.9864084415282023e-01   2.9109697595512490e-01   1.7799299698920479e-01   1.1362651977579684e-01   1.7799299698920479e-01   2.9109697595512490e-01   4.9864084415282023e-01   8.9279178951958227e-01   1.6434444370779779e+00   2.9596546890122442e+00   4.6849619152360766e+00
   2.0376777381218916e+00   1.8246978936451599e+00   1.3534627780247412e+00   8.9279178951958227e-01   5.5973003159528933e-01   3.4829990013988044e-01   2.2005507203777869e-01   1.4255397959536081e-01   9.4972561294809563e-02   1.4255397959536081e-01   2.2005507203777869e-01   3.4829990013988044e-01   5.5973003159528933e-01   8.9279178951958227e-01   1.3534627780247412e+00   1.8246978936451599e+00
   8.9279178951958227e-01   8.2931646323134445e-01   6.7477777781484138e-01   4.9864084415282023e-01   3.4829990013988044e-01   2.3743694027675472e-01   1.6134723502259485e-01   1.1064123726654720e-01   7.7044992900288628e-02   1.1064123726654720e-01   1.6134723502259485e-01   2.3743694027675472e-01   3.4829990013988044e-01   4.9864084415282023e-01   6.7477777781484138e-01   8.2931646323134445e-01
   4.4703298911155442e-01   4.2418303761321041e-01   3.6523764282698812e-01   2.9109697595512490e-01   2.2005507203777869e-01   1.6134723502259485e-01   1.1673427439832226e-01   8.4324868434647621e-02   6.1268230235767128e-02   8.4324868434647621e-02   1.1673427439832226e-01   1.6134723502259485e-01   2.2005507203777869e-01   2.9109697595512490e-01   3.6523764282698812e-01   4.2418303761321041e-01
   2.4691053887103004e-01   2.3743694027675472e-01   2.1207132435969026e-01   1.7799299698920479e-01   1.4255397959536081e-01   1.1064123726654720e-01   8.4324868434647621e-02   6.3752973664318563e-02   4.8158617685312217e-02   6.3752973664318563e-02   8.4324868434647621e-02   1.1064123726654720e-01   1.4255397959536081e-01   1.7799299698920479e-01   2.1207132435969026e-01   2.3743694027675472e-01
   1.4693184232022119e-01   1.4255397959536081e-01   1.3053326601513926e-01   1.1362651977579684e-01   9.4972561294809563e-02   7.7044992900288628e-02   6.1268230235767128e-02   4.8158617685312217e-02   3.7657526076595262e-02   4.8158617685312217e-02   6.1268230235767128e-02   7.7044992900288628e-02   9.4972561294809563e-02   1.1362651977579684e-01   1.3053326601513926e-01   1.4255397959536081e-01
   2.4691053887103004e-01   2.3743694027675472e-01   2.1207132435969026e-01   1.7799299698920479e-01   1.4255397959536081e-01   1.1064123726654720e-01   8.4324868434647621e-02   6.3752973664318563e-02   4.8158617685312217e-02   6.3752973664318563e-02   8.4324868434647621e-02   1.1064123726654720e-01   1.4255397959536081e-01   1.7799299698920479e-01   2.1207132435969026e-01   2.3743694027675472e-01
   4.4703298911155442e-01   4.2418303761321041e-01   3.6523764282698812e-01   2.9109697595512490e-01   2.2005507203777869e-01   1.6134723502259485e-01   1.1673427439832226e-01   8.4324868434647621e-02   6.1268230235767128e-02   8.4324868434647621e-02   1.1673427439832226e-01   1.6134723502259485e-01   2.2005507203777869e-01   2.9109697595512490e-01   3.6523764282698812e-01   4.2418303761321041e-01
   8.9279178951958227e-01   8.2931646323134445e-01   6.7477777781484138e-01   4.9864084415282023e-01   3.4829990013988044e-01   2.3743694027675472e-01   1.6134723502259485e-01   1.1064123726654720e-01   7.7044992900288628e-02   1.1064123726654720e-01   1.6134723502259485e-01   2.3743694027675472e-01   3.4829990013988044e-01   4.9864084415282023e-01   6.7477777781484138e-01   8.2931646323134445e-01
   2.0376777381218916e+00   1.8246978936451599e+00   1.3534627780247412e+00   8.9279178951958227e-01   5.5973003159528933e-01   3.4829990013988044e-01   2.2005507203777869e-01   1.4255397959536081e-01   9.4972561294809563e-02   1.4255397959536081e-01   2.2005507203777869e-01   3.4829990013988044e-01   5.5973003159528933e-01   8.9279178951958227e-01   1.3534627780247412e+00   1.8246978936451599e+00
   5.6086878707906891e+00   4.6849619152360766e+00   2.9596546890122442e+00   1.6434444370779779e+00   8.9279178951958227e-01   4.9864084415282023e-01   2.9109697595512490e-01   1.7799299698920479e-01   1.1362651977579684e-01   1.7799299698920479e-01   2.9109697595512490e-01   4.9864084415282023e-01   8.9279178951958227e-01   1.6434444370779779e+00   2.9596546890122442e+00   4.6849619152360766e+00
   2.0024183290703839e+01   1.4432383127953285e+01   6.8351882349231197e+00   2.9596546890122442e+00   1.3534627780247412e+00   6.7477777781484138e-01   3.6523764282698812e-01   2.1207132435969026e-01   1.3053326601513926e-01   2.1207132435969026e-01   3.6523764282698812e-01   6.7477777781484138e-01   1.3534627780247412e+00   2.9596546890122442e+00   6.8351882349231197e+00   1.4432383127953285e+01
   9.2092310162217530e+01   4.8251750654562194e+01   1.4432383127953285e+01   4.6849619152360766e+00   1.8246978936451599e+00   8.2931646323134445e-01   4.2418303761321041e-01   2.3743694027675472e-01   1.4255397959536081e-01   2.3743694027675472e-01   4.2418303761321041e-01   8.2931646323134445e-01   1.8246978936451599e+00   4.6849619152360766e+00   1.4432383127953285e+01   4.8251750654562194e+01
   9.2092310162217530e+01   4.8251750654562194e+01   1.4432383127953285e+01   4.6849619152360766e+00   1.8246978936451599e+00   8.2931646323134445e-01   4.2418303761321041e-01   2.3743694027675472e-01   1.4255397959536081e-01   2.3743694027675472e-01   4.2418303761321041e-01   8.2931646323134445e-01   1.8246978936451599e+00   4.6849619152360766e+00   1.4432383127953285e+01   4.8251750654562194e+01
   4.8251750654562194e+01   2.9628208998132642e+01   1.0893406081262730e+01   3.9719736295162917e+00   1.6434444370779779e+00   7.7237752493673251e-01   4.0304129056153637e-01   2.2849829521626278e-01   1.3836890025215229e-01   2.2849829521626278e-01   4.0304129056153637e-01   7.7237752493673251e-01   1.6434444370779779e+00   3.9719736295162917e+00   1.0893406081262730e+01   2.9628208998132642e+01
   1.4432383127953285e+01   1.0893406081262730e+01   5.6086878707906891e+00   2.5928539914235853e+00   1.2364441878709911e+00   6.3277372140869614e-01   3.4829990013988044e-01   2.0451430783867150e-01   1.2686271954358844e-01   2.0451430783867150e-01   3.4829990013988044e-01   6.3277372140869614e-01   1.2364441878709911e+00   2.5928539914235853e+00   5.6086878707906891e+00   1.0893406081262730e+01
   4.6849619152360766e+00   3.9719736295162917e+00   2.5928539914235853e+00   1.4879151130333717e+00   8.2931646323134445e-01   4.7178025176525207e-01   2.7899980237385891e-01   1.7216912356477798e-01   1.1064123726654720e-01   1.7216912356477798e-01   2.7899980237385891e-01   4.7178025176525207e-01   8.2931646323134445e-01   1.4879151130333717e+00   2.5928539914235853e+00   3.9719736295162917e+00
   1.8246978936451599e+00   1.6434444370779779e+00   1.2364441878709911e+00   8.2931646323134445e-01   5.2786242683356499e-01   3.3251362865575984e-01   2.1207132435969026e-01   1.3836890025215229e-01   9.2687484735517231e-02   1.3836890025215229e-01   2.1207132435969026e-01   3.3251362865575984e-01   5.2786242683356499e-01   8.2931646323134445e-01   1.2364441878709911e+00   1.6434444370779779e+00
   8.2931646323134445e-01   7.7237752493673251e-01   6.3277372140869614e-01   4.7178025176525207e-01   3.3251362865575984e-01   2.2849829521626278e-01   1.5631497039960016e-01   1.0777207513323758e-01   7.5372354041024742e-02   1.0777207513323758e-01   1.5631497039960016e-01   2.2849829521626278e-01   3.3251362865575984e-01   4.7178025176525207e-01   6.3277372140869614e-01   7.7237752493673251e-01
   4.2418303761321041e-01   4.0304129056153637e-01   3.4829990013988044e-01   2.7899980237385891e-01   2.1207132435969026e-01   1.5631497039960016e-01   1.1362651977579684e-01   8.2411091023376154e-02   6.0079981610763736e-02   8.2411091023376154e-02   1.1362651977579684e-01   1.5631497039960016e-01   2.1207132435969026e-01   2.7899980237385891e-01   3.4829990013988044e-01   4.0304129056153637e-01
   2.3743694027675472e-01   2.2849829521626278e-01   2.0451430783867150e-01   1.7216912356477798e-01   1.3836890025215229e-01   1.0777207513323758e-01   8.2411091023376154e-02   6.2492082022351264e-02   4.7329178403026757e-02   6.2492082022351264e-02   8.2411091023376154e-02   1.0777207513323758e-01   1.3836890025215229e-01   1.7216912356477798e-01   2.0451430783867150e-01   2.2849829521626278e-01
   1.4255397959536081e-01   1.3836890025215229e-01   1.2686271954358844e-01   1.1064123726654720e-01   9.2687484735517231e-02   7.5372354041024742e-02   6.0079981610763736e-02   4.7329178403026757e-02   3.7083141585995155e-02   4.7329178403026757e-02   6.0079981610763736e-02   7.5372354041024742e-02   9.2687484735517231e-02   1.1064123726654720e-01   1.2686271954358844e-01   1.3836890025215229e-01
   2.3743694027675472e-01   2.2849829521626278e-01   2.0451430783867150e-01   1.7216912356477798e-01   1.3836890025215229e-01   1.0777207513323758e-01   8.2411091023376154e-02   6.2492082022351264e-02   4.7329178403026757e-02   6.2492082022351264e-02   8.2411091023376154e-02   1.0777207513323758e-01   1.3836890025215229e-01   1.7216912356477798e-01   2.0451430783867150e-01   2.2849829521626278e-01
   4.2418303761321041e-01   4.0304129056153637e-01   3.4829990013988044e-01   2.7899980237385891e-01   2.1207132435969026e-01   1.5631497039960016e-01   1.1362651977579684e-01   8.2411091023376154e-02   6.0079981610763736e-02   8.2411091023376154e-02   1.1362651977579684e-01   1.5631497039960016e-01   2.1207132435969026e-01   2.7899980237385891e-01   3.4829990013988044e-01   4.0304129056153637e-01
   8.2931646323134445e-01   7.7237752493673251e-01   6.3277372140869614e-01   4.7178025176525207e-01   3.3251362865575984e-01   2.2849829521626278e-01   1.5631497039960016e-01   1.0777207513323758e-01   7.5372354041024742e-02   1.0777207513323758e-01   1.5631497039960016e-01   2.2849829521626278e-01   3.3251362865575984e-01   4.7178025176525207e-01   6.3277372140869614e-01   7.7237752493673251e-01
   1.8246978936451599e+00   1.6434444370779779e+00   1.2364441878709911e+00   8.2931646323134445e-01   5.2786242683356499e-01   3.3251362865575984e-01   2.1207132435969026e-01   1.3836890025215229e-01   9.2687484735517231e-02   1.3836890025215229e-01   2.1207132435969026e-01   3.3251362865575984e-01   5.2786242683356499e-01   8.2931646323134445e-01   1.2364441878709911e+00   1.6434444370779779e+00
   4.6849619152360766e+00   3.9719736295162917e+00   2.5928539914235853e+00   1.4879151130333717e+00   8.2931646323134445e-01   4.7178025176525207e-01   2.7899980237385891e-01   1.7216912356477798e-01   1.1064123726654720e-01   1.7216912356477798e-01   2.7899980237385891e-01   4.7178025176525207e-01   8.2931646323134445e-01   1.4879151130333717e+00   2.5928539914235853e+00   3.9719736295162917e+00
   1.4432383127953285e+01   1.0893406081262730e+01   5.6086878707906891e+00   2.5928539914235853e+00   1.2364441878709911e+00   6.3277372140869614e-01   3.4829990013988044e-01   2.0451430783867150e-01   1.2686271954358844e-01   2.0451430783867150e-01   3.4829990013988044e-01   6.3277372140869614e-01   1.2364441878709911e+00   2.5928539914235853e+00   5.6086878707906891e+00   1.0893406081262730e+01
   4.8251750654562194e+01   2.9628208998132642e+01   1.0893406081262730e+01   3.9719736295162917e+00   1.6434444370779779e+00   7.7237752493673251e-01   4.0304129056153637e-01   2.2849829521626278e-01   1.3836890025215229e-01   2.2849829521626278e-01   4.0304129056153637e-01   7.7237752493673251e-01   1.6434444370779779e+00   3.9719736295162917e+00   1.0893406081262730e+01   2.9628208998132642e+01
   2.0024183290703839e+01   1.4432383127953285e+01   6.8351882349231197e+00   2.9596546890122442e+00   1.3534627780247412e+00   6.7477777781484138e-01   3.6523764282698812e-01   2.1207132435969026e-01   1.3053326601513926e-01   2.1207132435969026e-01   3.6523764282698812e-01   6.7477777781484138e-01   1.3534627780247412e+00   2.9596546890122442e+00   6.8351882349231197e+00   1.4432383127953285e+01
   1.4432383127953285e+01   1.0893406081262730e+01   5.6086878707906891e+00   2.5928539914235853e+00   1.2364441878709911e+00   6.3277372140869614e-01   3.4829990013988044e-01   2.0451430783867150e-01   1.2686271954358844e-01   2.0451430783867150e-01   3.4829990013988044e-01   6.3277372140869614e-01   1.2364441878709911e+00   2.5928539914235853e+00   5.6086878707906891e+00   1.0893406081262730e+01
   6.8351882349231197e+00   5.6086878707906891e+00   3.4101745275071802e+00   1.8246978936451599e+00   9.6384364592036365e-01   5.2786242683356499e-01   3.0399833513372726e-01   1.8411744848118938e-01   1.1673427439832226e-01   1.8411744848118938e-01   3.0399833513372726e-01   5.2786242683356499e-01   9.6384364592036365e-01   1.8246978936451599e+00   3.4101745275071802e+00   5.6086878707906891e+00
   2.9596546890122442e+00   2.5928539914235853e+00   1.8246978936451599e+00   1.1339705702621585e+00   6.7477777781484138e-01   4.0304129056153637e-01   2.4691053887103004e-01   1.5631497039960016e-01   1.0235870670650958e-01   1.5631497039960016e-01   2.4691053887103004e-01   4.0304129056153637e-01   6.7477777781484138e-01   1.1339705702621585e+00   1.8246978936451599e+00   2.5928539914235853e+00
   1.3534627780247412e+00   1.2364441878709911e+00   9.6384364592036365e-01   6.7477777781484138e-01   4.4703298911155442e-01   2.9109697595512490e-01   1.9056352390806136e-01   1.2686271954358844e-01   8.6306091755950373e-02   1.2686271954358844e-01   1.9056352390806136e-01   2.9109697595512490e-01   4.4703298911155442e-01   6.7477777781484138e-01   9.6384364592036365e-01   1.2364441878709911e+00
   6.7477777781484138e-01   6.3277372140869614e-01   5.2786242683356499e-01   4.0304129056153637e-01   2.9109697595512490e-01   2.0451430783867150e-01   1.4255397959536081e-01   9.9803708823695617e-02   7.0668701137792139e-02   9.9803708823695617e-02   1.4255397959536081e-01   2.0451430783867150e-01   2.9109697595512490e-01   4.0304129056153637e-01   5.2786242683356499e-01   6.3277372140869614e-01
   3.6523764282698812e-01   3.4829990013988044e-01   3.0399833513372726e-01   2.4691053887103004e-01   1.9056352390806136e-01   1.4255397959536081e-01   1.0501308813539995e-01   7.7044992900288628e-02   5.6715499225302918e-02   7.7044992900288628e-02   1.0501308813539995e-01   1.4255397959536081e-01   1.9056352390806136e-01   2.4691053887103004e-01   3.0399833513372726e-01   3.4829990013988044e-01
   2.1207132435969026e-01   2.0451430783867150e-01   1.8411744848118938e-01   1.5631497039960016e-01   1.2686271954358844e-01   9.9803708823695617e-02   7.7044992900288628e-02   5.8925968441734471e-02   4.4965484016830648e-02   5.8925968441734471e-02   7.7044992900288628e-02   9.9803708823695617e-02   1.2686271954358844e-01   1.5631497039960016e-01   1.8411744848118938e-01   2.0451430783867150e-01
   1.3053326601513926e-01   1.2686271954358844e-01   1.1673427439832226e-01   1.0235870670650958e-01   8.6306091755950373e-02   7.0668701137792139e-02   5.6715499225302918e-02   4.4965484016830648e-02   3.5436687060596300e-02   4.4965484016830648e-02   5.6715499225302918e-02   7.0668701137792139e-02   8.6306091755950373e-02   1.0235870670650958e-01   1.1673427439832226e-01   1.2686271954358844e-01
   2.1207132435969026e-01   2.0451430783867150e-01   1.8411744848118938e-01   1.5631497039960016e-01   1.2686271954358844e-01   9.9803708823695617e-02   7.7044992900288628e-02   5.8925968441734471e-02   4.4965484016830648e-02   5.8925968441734471e-02   7.7044992900288628e-02   9.9803708823695617e-02   1.2686271954358844e-01   1.5631497039960016e-01   1.8411744848118938e-01   2.0451430783867150e-01
   3.6523764282698812e-01   3.4829990013988044e-01   3.0399833513372726e-01   2.4691053887103004e-01   1.9056352390806136e-01   1.4255397959536081e-01   1.0501308813539995e-01   7.7044992900288628e-02   5.6715499225302918e-02   7.7044992900288628e-02   1.0501308813539995e-01   1.4255397959536081e-01   1.9056352390806136e-01   2.4691053887103004e-01   3.0399833513372726e-01   3.4829990013988044e-01
   6.7477777781484138e-01   6.3277372140869614e-01   5.2786242683356499e-01   4.0304129056153637e-01   2.9109697595512490e-01   2.0451430783867150e-01   1.4255397959536081e-01   9.9803708823695617e-02   7.0668701137792139e-02   9.9803708823695617e-02   1.4255397959536081e-01   2.0451430783867150e-01   2.9109697595512490e-01   4.0304129056153637e-01   5.2786242683356499e-01   6.3277372140869614e-01
   1.3534627780247412e+00   1.2364441878709911e+00   9.6384364592036365e-01   6.7477777781484138e-01   4.4703298911155442e-01   2.9109697595512490e-01   1.9056352390806136e-01   1.2686271954358844e-01   8.6306091755950373e-02   1.2686271954358844e-01   1.9056352390806136e-01   2.9109697595512490e-01   4.4703298911155442e-01   6.7477777781484138e-01   9.6384364592036365e-01   1.2364441878709911e+00
   2.9596546890122442e+00   2.5928539914235853e+00   1.8246978936451599e+00   1.1339705702621585e+00   6.7477777781484138e-01   4.0304129056153637e-01   2.4691053887103004e-01   1.5631497039960016e-01   1.0235870670650958e-01   1.5631497039960016e-01   2.4691053887103004e-01   4.0304129056153637e-01   6.7477777781484138e-01   1.1339705702621585e+00   1.8246978936451599e+00   2.5928539914235853e+00
   6.8351882349231197e+00   5.6086878707906891e+00   3.4101745275071802e+00   1.8246978936451599e+00   9.6384364592036365e-01   5.2786242683356499e-01   3.0399833513372726e-01   1.8411744848118938e-01   1.1673427439832226e-01   1.8411744848118938e-01   3.0399833513372726e-01   5.2786242683356499e-01   9.6384364592036365e-01   1.8246978936451599e+00   3.4101745275071802e+00   5.6086878707906891e+00
   1.4432383127953285e+01   1.0893406081262730e+01   5.6086878707906891e+00   2.5928539914235853e+00   1.2364441878709911e+00   6.3277372140869614e-01   3.4829990013988044e-01   2.0451430783867150e-01   1.2686271954358844e-01   2.0451430783867150e-01   3.4829990013988044e-01   6.3277372140869614e-01   1.2364441878709911e+00   2.5928539914235853e+00   5.6086878707906891e+00   1.0893406081262730e+01
   5.6086878707906891e+00   4.6849619152360766e+00   2.9596546890122442e+00   1.6434444370779779e+00   8.9279178951958227e-01   4.9864084415282023e-01   2.9109697595512490e-01   1.7799299698920479e-01   1.1362651977579684e-01   1.7799299698920479e-01   2.9109697595512490e-01   4.9864084415282023e-01   8.9279178951958227e-01   1.6434444370779779e+00   2.9596546890122442e+00   4.6849619152360766e+00
   4.6849619152360766e+00   3.9719736295162917e+00   2.5928539914235853e+00   1.4879151130333717e+00   8.2931646323134445e-01   4.7178025176525207e-01   2.7899980237385891e-01   1.7216912356477798e-01   1.1064123726654720e-01   1.7216912356477798e-01   2.7899980237385891e-01   4.7178025176525207e-01   8.2931646323134445e-01   1.4879151130333717e+00   2.5928539914235853e+00   3.9719736295162917e+00
   2.9596546890122442e+00   2.5928539914235853e+00   1.8246978936451599e+00   1.1339705702621585e+00   6.7477777781484138e-01   4.0304129056153637e-01   2.4691053887103004e-01   1.5631497039960016e-01   1.0235870670650958e-01   1.5631497039960016e-01   2.4691053887103004e-01   4.0304129056153637e-01   6.7477777781484138e-01   1.1339705702621585e+00   1.8246978936451599e+00   2.5928539914235853e+00
   1.6434444370779779e+00   1.4879151130333717e+00   1.1339705702621585e+00   7.7237752493673251e-01   4.9864084415282023e-01   3.1777677203571575e-01   2.0451430783867150e-01   1.3436544903074540e-01   9.0483896622349527e-02   1.3436544903074540e-01   2.0451430783867150e-01   3.1777677203571575e-01   4.9864084415282023e-01   7.7237752493673251e-01   1.1339705702621585e+00   1.4879151130333717e+00
   8.9279178951958227e-01   8.2931646323134445e-01   6.7477777781484138e-01   4.9864084415282023e-01   3.4829990013988044e-01   2.3743694027675472e-01   1.6134723502259485e-01   1.1064123726654720e-01   7.7044992900288628e-02   1.1064123726654720e-01   1.6134723502259485e-01   2.3743694027675472e-01   3.4829990013988044e-01   4.9864084415282023e-01   6.7477777781484138e-01   8.2931646323134445e-01
   4.9864084415282023e-01   4.7178025176525207e-01   4.0304129056153637e-01   3.1777677203571575e-01   2.3743694027675472e-01   1.7216912356477798e-01   1.2334484562977503e-01   8.8357967887790129e-02   6.3752973664318563e-02   8.8357967887790129e-02   1.2334484562977503e-01   1.7216912356477798e-01   2.3743694027675472e-01   3.1777677203571575e-01   4.0304129056153637e-01   4.7178025176525207e-01
   2.9109697595512490e-01   2.7899980237385891e-01   2.4691053887103004e-01   2.0451430783867150e-01   1.6134723502259485e-01   1.2334484562977503e-01   9.2687484735517231e-02   6.9198332191143130e-02   5.1704364027801840e-02   6.9198332191143130e-02   9.2687484735517231e-02   1.2334484562977503e-01   1.6134723502259485e-01   2.0451430783867150e-01   2.4691053887103004e-01   2.7899980237385891e-01
   1.7799299698920479e-01   1.7216912356477798e-01   1.5631497039960016e-01   1.3436544903074540e-01   1.1064123726654720e-01   8.8357967887790129e-02   6.9198332191143130e-02   5.3625918929534167e-02   4.1401680618717941e-02   5.3625918929534167e-02   6.9198332191143130e-02   8.8357967887790129e-02   1.1064123726654720e-01   1.3436544903074540e-01   1.5631497039960016e-01   1.7216912356477798e-01
   1.1362651977579684e-01   1.1064123726654720e-01   1.0235870670650958e-01   9.0483896622349527e-02   7.7044992900288628e-02   6.3752973664318563e-02   5.1704364027801840e-02   4.1401680618717941e-02   3.2926420955591895e-02   4.1401680618717941e-02   5.1704364027801840e-02   6.3752973664318563e-02   7.7044992900288628e-02   9.0483896622349527e-02   1.0235870670650958e-01   1.1064123726654720e-01
   1.7799299698920479e-01   1.7216912356477798e-01   1.5631497039960016e-01   1.3436544903074540e-01   1.1064123726654720e-01   8.8357967887790129e-02   6.9198332191143130e-02   5.3625918929534167e-02   4.1401680618717941e-02   5.3625918929534167e-02   6.9198332191143130e-02   8.8357967887790129e-02   1.1064123726654720e-01   1.3436544903074540e-01   1.5631497039960016e-01   1.7216912356477798e-01
   2.9109697595512490e-01   2.7899980237385891e-01   2.4691053887103004e-01   2.0451430783867150e-01   1.6134723502259485e-01   1.2334484562977503e-01   9.2687484735517231e-02   6.9198332191143130e-02   5.1704364027801840e-02   6.9198332191143130e-02   9.2687484735517231e-02   1.2334484562977503e-01   1.6134723502259485e-01   2.0451430783867150e-01   2.4691053887103004e-01   2.7899980237385891e-01
   4.9864084415282023e-01   4.7178025176525207e-01   4.0304129056153637e-01   3.1777677203571575e-01   2.3743694027675472e-01   1.7216912356477798e-01   1.2334484562977503e-01   8.8357967887790129e-02   6.3752973664318563e-02   8.8357967887790129e-02   1.2334484562977503e-01   1.7216912356477798e-01   2.3743694027675472e-01   3.1777677203571575e-01   4.0304129056153637e-01   4.7178025176525207e-01
   8.9279178951958227e-01   8.2931646323134445e-01   6.7477777781484138e-01   4.9864084415282023e-01   3.4829990013988044e-01   2.3743694027675472e-01   1.6134723502259485e-01   1.1064123726654720e-01   7.7044992900288628e-02   1.1064123726654720e-01   1.6134723502259485e-01   2.3743694027675472e-01   3.4829990013988044e-01   4.9864084415282023e-01   6.7477777781484138e-01   8.2931646323134445e-01
   1.6434444370779779e+00   1.4879151130333717e+00   1.1339705702621585e+00   7.7237752493673251e-01   4.9864084415282023e-01   3.1777677203571575e-01   2.0451430783867150e-01   1.3436544903074540e-01   9.0483896622349527e-02   1.3436544903074540e-01   2.0451430783867150e-01   3.1777677203571575e-01   4.9864084415282023e-01   7.7237752493673251e-01   1.1339705702621585e+00   1.4879151130333717e+00
   2.9596546890122442e+00   2.5928539914235853e+00   1.8246978936451599e+00   1.1339705702621585e+00   6.7477777781484138e-01   4.0304129056153637e-01   2.4691053887103004e-01   1.5631497039960016e-01   1.0235870670650958e-01   1.5631497039960016e-01   2.4691053887103004e-01   4.0304129056153637e-01   6.7477777781484138e-01   1.1339705702621585e+00   1.8246978936451599e+00   2.5928539914235853e+00
   4.6849619152360766e+00   3.9719736295162917e+00   2.5928539914235853e+00   1.4879151130333717e+00   8.2931646323134445e-01   4.7178025176525207e-01   2.7899980237385891e-01   1.7216912356477798e-01   1.1064123726654720e-01   1.7216912356477798e-01   2.7899980237385891e-01   4.7178025176525207e-01   8.2931646323134445e-01   1.4879151130333717e+00   2.5928539914235853e+00   3.9719736295162917e+00
   2.0376777381218916e+00   1.8246978936451599e+00   1.3534627780247412e+00   8.9279178951958227e-01   5.5973003159528933e-01   3.4829990013988044e-01   2.2005507203777869e-01   1.4255397959536081e-01   9.4972561294809563e-02   1.4255397959536081e-01   2.2005507203777869e-01   3.4829990013988044e-01   5.5973003159528933e-01   8.9279178951958227e-01   1.3534627780247412e+00   1.8246978936451599e+00
   1.8246978936451599e+00   1.6434444370779779e+00   1.2364441878709911e+00   8.2931646323134445e-01   5.2786242683356499e-01   3.3251362865575984e-01   2.1207132435969026e-01   1.3836890025215229e-01   9.2687484735517231e-02   1.3836890025215229e-01   2.1207132435969026e-01   3.3251362865575984e-01   5.2786242683356499e-01   8.2931646323134445e-01   1.2364441878709911e+00   1.6434444370779779e+00
   1.3534627780247412e+00   1.2364441878709911e+00   9.6384364592036365e-01   6.7477777781484138e-01   4.4703298911155442e-01   2.9109697595512490e-01   1.9056352390806136e-01   1.2686271954358844e-01   8.6306091755950373e-02   1.2686271954358844e-01   1.9056352390806136e-01   2.9109697595512490e-01   4.4703298911155442e-01   6.7477777781484138e-01   9.6384364592036365e-01   1.2364441878709911e+00
   8.9279178951958227e-01   8.2931646323134445e-01   6.7477777781484138e-01   4.9864084415282023e-01   3.4829990013988044e-01   2.3743694027675472e-01   1.6134723502259485e-01   1.1064123726654720e-01   7.7044992900288628e-02   1.1064123726654720e-01   1.6134723502259485e-01   2.3743694027675472e-01   3.4829990013988044e-01   4.9864084415282023e-01   6.7477777781484138e-01   8.2931646323134445e-01
   5.5973003159528933e-01   5.2786242683356499e-01   4.4703298911155442e-01   3.4829990013988044e-01   2.5696264575120537e-01   1.8411744848118938e-01   1.3053326601513926e-01   9.2687484735517231e-02   6.6391993844431882e-02   9.2687484735517231e-02   1.3053326601513926e-01   1.8411744848118938e-01   2.5696264575120537e-01   3.4829990013988044e-01   4.4703298911155442e-01   5.2786242683356499e-01
   3.4829990013988044e-01   3.3251362865575984e-01   2.9109697595512490e-01   2.3743694027675472e-01   1.8411744848118938e-01   1.3836890025215229e-01   1.0235870670650958e-01   7.5372354041024742e-02   5.5656618549970900e-02   7.5372354041024742e-02   1.0235870670650958e-01   1.3836890025215229e-01   1.8411744848118938e-01   2.3743694027675472e-01   2.9109697595512490e-01   3.3251362865575984e-01
   2.2005507203777869e-01   2.1207132435969026e-01   1.9056352390806136e-01   1.6134723502259485e-01   1.3053326601513926e-01   1.0235870670650958e-01   7.8773933884189434e-02   6.0079981610763736e-02   4.5733315885225861e-02   6.0079981610763736e-02   7.8773933884189434e-02   1.0235870670650958e-01   1.3053326601513926e-01   1.6134723502259485e-01   1.9056352390806136e-01   2.1207132435969026e-01
   1.4255397959536081e-01   1.3836890025215229e-01   1.2686271954358844e-01   1.1064123726654720e-01   9.2687484735517231e-02   7.5372354041024742e-02   6.0079981610763736e-02   4.7329178403026757e-02   3.7083141585995155e-02   4.7329178403026757e-02   6.0079981610763736e-02   7.5372354041024742e-02   9.2687484735517231e-02   1.1064123726654720e-01   1.2686271954358844e-01   1.3836890025215229e-01
   9.4972561294809563e-02   9.2687484735517231e-02   8.6306091755950373e-02   7.7044992900288628e-02   6.6391993844431882e-02   5.5656618549970900e-02   4.5733315885225861e-02   3.7083141585995155e-02   2.9836962253588090e-02   3.7083141585995155e-02   4.5733315885225861e-02   5.5656618549970900e-02   6.6391993844431882e-02   7.7044992900288628e-02   8.6306091755950373e-02   9.2687484735517231e-02
   1.4255397959536081e-01   1.3836890025215229e-01   1.2686271954358844e-01   1.1064123726654720e-01   9.2687484735517231e-02   7.5372354041024742e-02   6.0079981610763736e-02   4.7329178403026757e-02   3.7083141585995155e-02   4.7329178403026757e-02   6.0079981610763736e-02   7.5372354041024742e-02   9.2687484735517231e-02   1.1064123726654720e-01   1.2686271954358844e-01   1.3836890025215229e-01
   2.2005507203777869e-01   2.1207132435969026e-01   1.9056352390806136e-01   1.6134723502259485e-01   1.3053326601513926e-01   1.0235870670650958e-01   7.8773933884189434e-02   6.0079981610763736e-02   4.5733315885225861e-02   6.0079981610763736e-02   7.8773933884189434e-02   1.0235870670650958e-01   1.3053326601513926e-01   1.6134723502259485e-01   1.9056352390806136e-01   2.1207132435969026e-01
   3.4829990013988044e-01   3.3251362865575984e-01   2.9109697595512490e-01   2.3743694027675472e-01   1.8411744848118938e-01   1.3836890025215229e-01   1.0235870670650958e-01   7.5372354041024742e-02   5.5656618549970900e-02   7.5372354041024742e-02   1.0235870670650958e-01   1.3836890025215229e-01   1.8411744848118938e-01   2.3743694027675472e-01   2.9109697595512490e-01   3.3251362865575984e-01
   5.5973003159528933e-01   5.2786242683356499e-01   4.4703298911155442e-01   3.4829990013988044e-01   2.5696264575120537e-01   1.8411744848118938e-01   1.3053326601513926e-01   9.2687484735517231e-02   6.6391993844431882e-02   9.2687484735517231e-02   1.3053326601513926e-01   1.8411744848118938e-01   2.5696264575120537e-01   3.4829990013988044e-01   4.4703298911155442e-01   5.2786242683356499e-01
   8.9279178951958227e-01   8.2931646323134445e-01   6.7477777781484138e-01   4.9864084415282023e-01   3.4829990013988044e-01   2.3743694027675472e-01   1.6134723502259485e-01   1.1064123726654720e-01   7.7044992900288628e-02   1.1064123726654720e-01   1.6134723502259485e-01   2.3743694027675472e-01   3.4829990013988044e-01   4.9864084415282023e-01   6.7477777781484138e-01   8.2931646323134445e-01
   1.3534627780247412e+00   1.2364441878709911e+00   9.6384364592036365e-01   6.7477777781484138e-01   4.4703298911155442e-01   2.9109697595512490e-01   1.9056352390806136e-01   1.2686271954358844e-01   8.6306091755950373e-02   1.2686271954358844e-01   1.9056352390806136e-01   2.9109697595512490e-01   4.4703298911155442e-01   6.7477777781484138e-01   9.6384364592036365e-01   1.2364441878709911e+00
   1.8246978936451599e+00   1.6434444370779779e+00   1.2364441878709911e+00   8.2931646323134445e-01   5.2786242683356499e-01   3.3251362865575984e-01   2.1207132435969026e-01   1.3836890025215229e-01   9.2687484735517231e-02   1.3836890025215229e-01   2.1207132435969026e-01   3.3251362865575984e-01   5.2786242683356499e-01   8.2931646323134445e-01   1.2364441878709911e+00   1.6434444370779779e+00
   8.9279178951958227e-01   8.2931646323134445e-01   6.7477777781484138e-01   4.9864084415282023e-01   3.4829990013988044e-01   2.3743694027675472e-01   1.6134723502259485e-01   1.1064123726654720e-01   7.7044992900288628e-02   1.1064123726654720e-01   1.6134723502259485e-01   2.3743694027675472e-01   3.4829990013988044e-01   4.9864084415282023e-01   6.7477777781484138e-01   8.2931646323134445e-01
   8.2931646323134445e-01   7.7237752493673251e-01   6.3277372140869614e-01   4.7178025176525207e-01   3.3251362865575984e-01   2.2849829521626278e-01   1.5631497039960016e-01   1.0777207513323758e-01   7.5372354041024742e-02   1.0777207513323758e-01   1.5631497039960016e-01   2.2849829521626278e-01   3.3251362865575984e-01   4.7178025176525207e-01   6.3277372140869614e-01   7.7237752493673251e-01
   6.7477777781484138e-01   6.3277372140869614e-01   5.2786242683356499e-01   4.0304129056153637e-01   2.9109697595512490e-01   2.0451430783867150e-01   1.4255397959536081e-01   9.9803708823695617e-02   7.0668701137792139e-02   9.9803708823695617e-02   1.4255397959536081e-01   2.0451430783867150e-01   2.9109697595512490e-01   4.0304129056153637e-01   5.2786242683356499e-01   6.3277372140869614e-01
   4.9864084415282023e-01   4.7178025176525207e-01   4.0304129056153637e-01   3.1777677203571575e-01   2.3743694027675472e-01   1.7216912356477798e-01   1.2334484562977503e-01   8.8357967887790129e-02   6.3752973664318563e-02   8.8357967887790129e-02   1.2334484562977503e-01   1.7216912356477798e-01   2.3743694027675472e-01   3.1777677203571575e-01   4.0304129056153637e-01   4.7178025176525207e-01
   3.4829990013988044e-01   3.3251362865575984e-01   2.9109697595512490e-01   2.3743694027675472e-01   1.8411744848118938e-01   1.3836890025215229e-01   1.0235870670650958e-01   7.5372354041024742e-02   5.5656618549970900e-02   7.5372354041024742e-02   1.0235870670650958e-01   1.3836890025215229e-01   1.8411744848118938e-01   2.3743694027675472e-01   2.9109697595512490e-01   3.3251362865575984e-01
   2.3743694027675472e-01   2.2849829521626278e-01   2.0451430783867150e-01   1.7216912356477798e-01   1.3836890025215229e-01   1.0777207513323758e-01   8.2411091023376154e-02   6.2492082022351264e-02   4.7329178403026757e-02   6.2492082022351264e-02   8.2411091023376154e-02   1.0777207513323758e-01   1.3836890025215229e-01   1.7216912356477798e-01   2.0451430783867150e-01   2.2849829521626278e-01
   1.6134723502259485e-01   1.5631497039960016e-01   1.4255397959536081e-01   1.2334484562977503e-01   1.0235870670650958e-01   8.2411091023376154e-02   6.5052415061971833e-02   5.0782087870952966e-02   3.9463083874938375e-02   5.0782087870952966e-02   6.5052415061971833e-02   8.2411091023376154e-02   1.0235870670650958e-01   1.2334484562977503e-01   1.4255397959536081e-01   1.5631497039960016e-01
   1.1064123726654720e-01   1.0777207513323758e-01   9.9803708823695617e-02   8.8357967887790129e-02   7.5372354041024742e-02   6.2492082022351264e-02   5.0782087870952966e-02   4.0739905725852933e-02   3.2456456195914654e-02   4.0739905725852933e-02   5.0782087870952966e-02   6.2492082022351264e-02   7.5372354041024742e-02   8.8357967887790129e-02   9.9803708823695617e-02   1.0777207513323758e-01
   7.7044992900288628e-02   7.5372354041024742e-02   7.0668701137792139e-02   6.3752973664318563e-02   5.5656618549970900e-02   4.7329178403026757e-02   3.9463083874938375e-02   3.2456456195914654e-02   2.6464623256059989e-02   3.2456456195914654e-02   3.9463083874938375e-02   4.7329178403026757e-02   5.5656618549970900e-02   6.3752973664318563e-02   7.0668701137792139e-02   7.5372354041024742e-02
   1.1064123726654720e-01   1.0777207513323758e-01   9.9803708823695617e-02   8.8357967887790129e-02   7.5372354041024742e-02   6.2492082022351264e-02   5.0782087870952966e-02   4.0739905725852933e-02   3.2456456195914654e-02   4.0739905725852933e-02   5.0782087870952966e-02   6.2492082022351264e-02   7.5372354041024742e-02   8.8357967887790129e-02   9.9803708823695617e-02   1.0777207513323758e-01
   1.6134723502259485e-01   1.5631497039960016e-01   1.4255397959536081e-01   1.2334484562977503e-01   1.0235870670650958e-01   8.2411091023376154e-02   6.5052415061971833e-02   5.0782087870952966e-02   3.9463083874938375e-02   5.0782087870952966e-02   6.5052415061971833e-02   8.2411091023376154e-02   1.0235870670650958e-01   1.2334484562977503e-01   1.4255397959536081e-01   1.5631497039960016e-01
   2.3743694027675472e-01   2.2849829521626278e-01   2.0451430783867150e-01   1.7216912356477798e-01   1.3836890025215229e-01   1.0777207513323758e-01   8.2411091023376154e-02   6.2492082022351264e-02   4.7329178403026757e-02   6.2492082022351264e-02   8.2411091023376154e-02   1.0777207513323758e-01   1.3836890025215229e-01   1.7216912356477798e-01   2.0451430783867150e-01   2.2849829521626278e-01
   3.4829990013988044e-01   3.3251362865575984e-01   2.9109697595512490e-01   2.3743694027675472e-01   1.8411744848118938e-01   1.3836890025215229e-01   1.0235870670650958e-01   7.5372354041024742e-02   5.5656618549970900e-02   7.5372354041024742e-02   1.0235870670650958e-01   1.3836890025215229e-01   1.8411744848118938e-01   2.3743694027675472e-01   2.9109697595512490e-01   3.3251362865575984e-01
   4.9864084415282023e-01   4.7178025176525207e-01   4.0304129056153637e-01   3.1777677203571575e-01   2.3743694027675472e-01   1.7216912356477798e-01   1.2334484562977503e-01   8.8357967887790129e-02   6.3752973664318563e-02   8.8357967887790129e-02   1.2334484562977503e-01   1.7216912356477798e-01   2.3743694027675472e-01   3.1777677203571575e-01   4.0304129056153637e-01   4.7178025176525207e-01
   6.7477777781484138e-01   6.3277372140869614e-01   5.2786242683356499e-01   4.0304129056153637e-01   2.9109697595512490e-01   2.0451430783867150e-01   1.4255397959536081e-01   9.9803708823695617e-02   7.0668701137792139e-02   9.9803708823695617e-02   1.4255397959536081e-01   2.0451430783867150e-01   2.9109697595512490e-01   4.0304129056153637e-01   5.2786242683356499e-01   6.3277372140869614e-01
   8.2931646323134445e-01   7.7237752493673251e-01   6.3277372140869614e-01   4.7178025176525207e-01   3.3251362865575984e-01   2.2849829521626278e-01   1.5631497039960016e-01   1.0777207513323758e-01   7.5372354041024742e-02   1.0777207513323758e-01   1.5631497039960016e-01   2.2849829521626278e-01   3.3251362865575984e-01   4.7178025176525207e-01   6.3277372140869614e-01   7.7237752493673251e-01
   4.4703298911155442e-01   4.2418303761321041e-01   3.6523764282698812e-01   2.9109697595512490e-01   2.2005507203777869e-01   1.6134723502259485e-01   1.1673427439832226e-01   8.4324868434647621e-02   6.1268230235767128e-02   8.4324868434647621e-02   1.1673427439832226e-01   1.6134723502259485e-01   2.2005507203777869e-01   2.9109697595512490e-01   3.6523764282698812e-01   4.2418303761321041e-01
   4.2418303761321041e-01   4.0304129056153637e-01   3.4829990013988044e-01   2.7899980237385891e-01   2.1207132435969026e-01   1.5631497039960016e-01   1.1362651977579684e-01   8.2411091023376154e-02   6.0079981610763736e-02   8.2411091023376154e-02   1.1362651977579684e-01   1.5631497039960016e-01   2.1207132435969026e-01   2.7899980237385891e-01   3.4829990013988044e-01   4.0304129056153637e-01
   3.6523764282698812e-01   3.4829990013988044e-01   3.0399833513372726e-01   2.4691053887103004e-01   1.9056352390806136e-01   1.4255397959536081e-01   1.0501308813539995e-01   7.7044992900288628e-02   5.6715499225302918e-02   7.7044992900288628e-02   1.0501308813539995e-01   1.4255397959536081e-01   1.9056352390806136e-01   2.4691053887103004e-01   3.0399833513372726e-01   3.4829990013988044e-01
